5
5.212328579058642e-05,-5.5958035919893574e-05,-5.796755256455758e-05
0.10911648589025967,-0.0004562097281516363,8.282615998545358e-05
-0.10916119427180293,0.00024699838663879694,-0.00013815949683087283
0.00021011866314800162,0.10907776771973919,-6.342361026586008e-05
0.00032014747309012503,-0.109060737649034,-3.324428304224389e-05
5
-7148.990174583434,6119.701367583616,-4106.05738871164
-28.96439387023327,-3022.7510601459016,1892.995939339809
50.283281444066475,-3061.7628731591744,1890.4941896842354
3583.1793370717905,-41.278011841355585,161.2123940830585
3544.4919499378107,6.090577562816648,161.35486560453725
1552.2411337053198