[-0.00664215  0.37931953  0.06239186] nm
[0.02036162 0.22453754 0.06766511] nm
[-0.00808339  0.15015795  0.20316956] nm
[ 0.08115117  0.15335708 -0.05093358] nm
[ 0.15924304  0.01864333 -0.03514726] nm
[ 0.30349389  0.02304095 -0.04459678] nm
[ 0.38358384 -0.09591914 -0.03186188] nm
[ 0.31957001 -0.22278136 -0.01077088] nm
[ 0.17593199 -0.22996836 -0.00335284] nm
[ 0.0938252  -0.110972   -0.01589555] nm
[-0.06065839 -0.12385529 -0.01072559] nm
[-0.1238973  -0.23299408  0.06093718] nm
[-0.26744758 -0.24083376  0.07272977] nm
[-0.34985866 -0.13818722  0.01450391] nm
[-0.28836325 -0.02935848 -0.05709915] nm
[-0.14473633 -0.02343438 -0.0727661 ] nm
[-0.0809703   0.09228593 -0.15155091] nm
[-0.16233863  0.25703449 -0.15268317] nm
[ 0.0221798   0.42192282 -0.03619447] nm
[-0.11450407  0.400482    0.07941475] nm
[0.05183519 0.43152089 0.14121095] nm
[0.02541272 0.04442475 0.20073418] nm
[0.04520624 0.20073202 0.28660914] nm
[-0.11700216  0.15156852  0.2255703 ] nm
[ 0.11649624  0.22388326 -0.1295202 ] nm
[ 0.3530027   0.11918989 -0.06045484] nm
[ 0.49254827 -0.08968751 -0.03831756] nm
[ 0.37965111 -0.31362822 -0.00136159] nm
[ 0.13009809 -0.32820775  0.00942708] nm
[-0.06379144 -0.30951253  0.11036109] nm
[-0.31354602 -0.32343935  0.12757635] nm
[-0.45862332 -0.14241595  0.02487931] nm
[-0.35065799  0.04948176 -0.10068213] nm
[-0.02111491  0.06012397 -0.23945327] nm
