[-0.03240261  0.34662465  0.09692654] nm
[0.03124191 0.20952538 0.09980727] nm
[0.01888866 0.12844072 0.22744763] nm
[ 0.1019453   0.16510107 -0.01200821] nm
[ 0.1643209   0.03119779 -0.02456059] nm
[ 0.30366005  0.02560716 -0.04290962] nm
[ 0.36950868 -0.09791717 -0.05335169] nm
[ 0.29603967 -0.21718679 -0.04682736] nm
[ 0.15654444 -0.21284367 -0.03172253] nm
[ 0.0889806  -0.08949527 -0.02245892] nm
[-0.05953875 -0.0914681  -0.01139848] nm
[-0.11720935 -0.15821029  0.09848877] nm
[-0.25645092 -0.1619546   0.1153173 ] nm
[-0.33977928 -0.09970605  0.02135172] nm
[-0.28400171 -0.03519531 -0.09011528] nm
[-0.14392343 -0.03161152 -0.10858771] nm
[-0.08730158  0.03046174 -0.23118314] nm
[-0.15913827  0.08712772 -0.31254825] nm
[-0.01726974  0.39557486  0.00065558] nm
[-0.1397048   0.33829639  0.11446933] nm
[0.0105173  0.40972745 0.1747934 ] nm
[0.07974011 0.0381842  0.22514071] nm
[0.05189572 0.18801747 0.31256666] nm
[-0.08511096  0.1002546   0.24396661] nm
[ 0.11580416  0.23348902 -0.09475004] nm
[ 0.36109106  0.11727397 -0.04674409] nm
[ 0.47699556 -0.10105172 -0.06587759] nm
[ 0.34672931 -0.31254926 -0.0544592 ] nm
[ 0.10036651 -0.30535588 -0.02937372] nm
[-0.05324106 -0.20512464  0.17208961] nm
[-0.29937977 -0.21241969  0.20092876] nm
[-0.44725723 -0.10213388  0.03400107] nm
[-0.34980696  0.01076147 -0.16300928] nm
[ 0.01860905  0.02507011 -0.2522554 ] nm
